32   
4    

1    
  0.0051646064552006   0.0000000000000000   0.0085631092579098
  -0.0995372900    0.0004899000   -0.1604502400
   0.0076040700   -0.0047429700   -0.0032617300
   0.0027909400   -0.0027769900   -0.0007780700
  -0.0054212800    0.0075219300   -0.0057300800
   0.0004245700    0.0000019600    0.0014139100
  -0.0003822100   -0.0005079600    0.0014570600
   0.0005910800    0.0005647900    0.0017252300
  -0.0002926000   -0.0000489300    0.0011888600
   0.0006059000   -0.0002109600    0.0098979200
  -0.0020107500   -0.0012999200    0.0023663500
   0.0002406400    0.0015105000    0.0061249700
   0.0001812300    0.0000020300    0.0035121500
  -0.0069025600    0.0041408500    0.0053024200
   0.0054509800    0.0030004200    0.0068291400
   0.0002618600   -0.0071296400    0.0060706000
   0.0001757700    0.0000020500    0.0035143400
   0.0115203800   -0.0000016800    0.0690413500
  -0.0009731000   -0.0003288100   -0.0049855300
   0.0000431900    0.0005900200   -0.0046209400
  -0.0005269500   -0.0002543600   -0.0053510500
  -0.0009133300    0.0000024700   -0.0051014400
   0.0005753700    0.0012301300   -0.0021564500
  -0.0009676600   -0.0008887300   -0.0020810300
   0.0011599700   -0.0003353800   -0.0022312700
   0.0006762900   -0.0005030300   -0.0014470400
   0.0010156800    0.0007019600   -0.0009066900
  -0.0001975500   -0.0001940200   -0.0011762500
   0.0001042600    0.0000021600   -0.0001926900
   0.0187805900   -0.0035428500    0.0165362200
   0.0549365700    0.0243250400    0.0374937300
   0.0127263700   -0.0213244200    0.0271934200
  -0.0017404000    0.0000044400    0.0008028100

1    
 -0.0051646064552006   0.0000000000000000  -0.0085631092579098
   0.1007997300    0.0006697500    0.1651649900
  -0.0075632300    0.0047689900    0.0057081500
  -0.0027318700    0.0027860900    0.0032208700
   0.0055401400   -0.0075686900    0.0082106200
  -0.0003790000   -0.0000032100    0.0010485200
   0.0004254600    0.0005079300    0.0010027500
  -0.0005428500   -0.0005613200    0.0007375400
   0.0003419900    0.0000458900    0.0012679200
  -0.0005254200    0.0001787700   -0.0034695400
   0.0020337500    0.0012885400    0.0039461000
  -0.0002069000   -0.0014827300    0.0002312200
  -0.0001271200   -0.0000031300    0.0027876900
   0.0069462000   -0.0041183800    0.0009689500
  -0.0054838300   -0.0030595700   -0.0006263200
  -0.0001857000    0.0071740400    0.0001763700
  -0.0001325500   -0.0000031000    0.0027897500
  -0.0117178200   -0.0000069100   -0.0738100900
   0.0010250900    0.0003242200   -0.0032984800
   0.0000062700   -0.0005901000   -0.0036652000
   0.0005762600    0.0002572900   -0.0029324400
   0.0009803100   -0.0000026500   -0.0032644800
  -0.0005186500   -0.0012270000   -0.0061231800
   0.0010088300    0.0008786600   -0.0061824100
  -0.0011105500    0.0003389000   -0.0060634700
  -0.0006150700    0.0004916100    0.0002844600
  -0.0009681400   -0.0007027700   -0.0002625600
   0.0002427700    0.0002006300    0.0000115700
  -0.0000592200   -0.0000029900   -0.0009736900
  -0.0190939800    0.0036167400   -0.0175464000
  -0.0570213200   -0.0256214500   -0.0391779700
  -0.0127393700    0.0214266400   -0.0281821500
   0.0017958100   -0.0000007100   -0.0019791200

17   
  0.0051646064552006   0.0000000000000000   0.0085631092579098
   0.0116077500   -0.0000053700    0.0710112300
  -0.0011391300   -0.0006899200    0.0004561700
   0.0002091800    0.0007859500    0.0006305200
  -0.0009949900   -0.0000758400    0.0002860300
  -0.0010912500    0.0000074900    0.0003948100
   0.0004238500   -0.0001144000    0.0032816600
   0.0000514900   -0.0002101200    0.0026436500
  -0.0001605600    0.0003418500    0.0039199400
   0.0560521700   -0.0251015800    0.0423335500
   0.0197972800    0.0040912000    0.0196676000
   0.0126440400    0.0205011800    0.0308386900
  -0.0018865400    0.0000141100    0.0045948600
   0.0011497500   -0.0008579700    0.0027166900
   0.0002340900    0.0003420400    0.0024967000
  -0.0003472800    0.0005336300    0.0026060600
  -0.0000444300    0.0000067400    0.0036009300
  -0.1127960800    0.0003017300   -0.1916138900
   0.0157260200    0.0057179500   -0.0097127200
  -0.0049605400   -0.0119238500   -0.0127137700
   0.0049421000    0.0062454300   -0.0067196900
   0.0002905300    0.0000059700   -0.0030487400
  -0.0006733400    0.0001254100   -0.0039226700
  -0.0001153800    0.0003311100   -0.0039844100
   0.0000924800   -0.0004331800   -0.0038607800
   0.0092348500   -0.0049498200    0.0100704600
  -0.0090521600   -0.0055884000    0.0042008500
   0.0006443800    0.0105706200    0.0071332000
  -0.0002897700    0.0000068400    0.0007452800
  -0.0047459300    0.0031227000    0.0016185800
   0.0048376700    0.0024199200    0.0125082200
   0.0006545400   -0.0055294100    0.0070760700
  -0.0002948200    0.0000079700    0.0007449300

17   
 -0.0051646064552006   0.0000000000000000  -0.0085631092579098
  -0.0115247700   -0.0000118000   -0.0717351700
   0.0009619200    0.0007044300    0.0022523100
  -0.0003671000   -0.0007655900    0.0020826400
   0.0008534000    0.0000642500    0.0024263100
   0.0009051000    0.0000018100    0.0023412600
  -0.0005674300    0.0001374500   -0.0005774400
  -0.0002160400    0.0002019100    0.0000653900
   0.0000179700   -0.0003390000   -0.0012200400
  -0.0541006600    0.0238505600   -0.0352701900
  -0.0196923700   -0.0040724300   -0.0132684900
  -0.0127157300   -0.0202892000   -0.0244300400
   0.0017523400    0.0000083900    0.0019217900
  -0.0012861800    0.0008564000    0.0038055100
  -0.0003993600   -0.0003429900    0.0040027500
   0.0001959800   -0.0005127600    0.0039035900
  -0.0001055400    0.0000010600    0.0029286400
   0.1149845500    0.0004642400    0.1846723600
  -0.0159367900   -0.0057345100    0.0017049400
   0.0047773500    0.0119726400    0.0046828500
  -0.0051472600   -0.0062158500   -0.0012814200
  -0.0004316300    0.0000002800   -0.0050091000
   0.0005167000   -0.0001158200   -0.0041351500
  -0.0000390800   -0.0003176000   -0.0040738200
  -0.0002392100    0.0004397200   -0.0041963000
  -0.0092477500    0.0048741100   -0.0108547500
   0.0088642200    0.0055913800   -0.0051439700
  -0.0008128900   -0.0104501300   -0.0080015200
   0.0001412300    0.0000011500   -0.0016934100
   0.0045715200   -0.0031042300   -0.0025416000
  -0.0050455200   -0.0024502600   -0.0136039700
  -0.0008033500    0.0055500900   -0.0080595500
   0.0001363800    0.0000023200   -0.0016944000
